0
1
2
3
4
5
6
7
8
9
10
11
12
13
14
15
16
17
18
19
20
21
22
23
24
25
26
27
28
29
30
31
32
33
34
35
36
37
38
39
40
41
42
43
44
45
46
47
48
49
50
51
52
53
54
55
56
57
58
59
60
61
62
63
64
65
66
67
68
69
70
71
72
73
74
75
76
77
78
79
80
81
82
83
84
85
86
87
88
89
90
91
92
93
94
95
96
97
98
99
100
519
226
158
390
442
272
979
179
647
207
980
898
731
494
666
222
236
410
353
665
897
327
881
879
819
151
514
726
572
378
874
654
233
119
620
629
384
656
957
558
185
800
552
758
822
132
221
181
532
655
990
972
621
115
766
345
854
292
227
111
501
991
371
118
188
113
606
833
939
559
483
536
642
381
396
395
512
487
280
805
443
976
563
366
696
266
548
863
730
246
528
131
732
367
316
177
364
768
374
809
